kmedoids_result$clustering
   [1] 1 2 2 3 3 2 2 2 1 1 1 1 3 3 2 3 1 2 2 1 2 3 3 3 2 2 1 1 1 2 1 1 2 1 2 1 2 2 1 1 2 3 2 2 3 3 2 2 1 1 3 2 3 2 2 1 2
  [58] 1 2 2 1 2 3 2 1 3 2 1 1 2 1 2 3 3 2 2 2 2 2 1 1 1 3 2 1 1 1 2 2 1 1 3 2 2 3 2 1 2 2 2 1 2 3 3 3 2 2 1 2 3 2 3 3 1
 [115] 3 1 3 2 1 3 2 2 2 2 1 2 1 1 1 2 1 2 1 3 1 2 1 2 2 2 1 1 2 1 1 2 3 2 2 3 2 3 2 1 1 1 2 3 3 1 1 1 2 2 1 1 3 2 2 1 2
 [172] 2 1 2 3 2 2 2 2 1 1 2 2 3 1 3 2 1 2 2 2 1 2 2 1 1 2 2 1 2 1 1 1 1 2 2 2 1 2 1 2 1 3 1 1 2 1 2 1 2 1 2 1 3 3 3 3 3
 [229] 2 3 2 2 2 2 1 3 2 1 1 1 2 3 2 2 1 1 1 2 1 2 2 1 1 1 2 2 3 3 3 1 2 2 1 2 3 2 2 1 1 1 1 3 1 3 2 1 3 1 2 1 2 2 2 2 1
 [286] 2 2 2 3 2 3 1 2 1 3 2 1 1 2 1 1 3 1 3 3 1 1 2 1 1 3 2 2 2 2 2 1 2 3 2 3 2 2 1 1 2 2 2 3 2 1 1 2 2 3 3 2 2 1 3 2 1
 [343] 3 1 1 3 2 2 2 1 3 1 2 1 2 3 2 1 2 2 2 1 2 2 2 3 2 1 3 1 2 3 2 3 3 2 2 3 1 1 2 2 1 3 3 2 2 2 1 2 2 3 2 3 3 2 3 2 1
 [400] 2 2 2 1 1 1 2 3 1 2 2 2 1 2 1 3 2 1 3 2 2 1 1 1 2 1 1 1 2 2 2 3 2 3 3 2 2 1 1 1 1 2 2 3 2 1 3 3 1 2 2 2 1 2 2 2 2
 [457] 1 2 1 2 2 2 2 1 2 2 2 2 2 2 1 2 3 2 3 2 1 1 3 2 3 3 2 2 2 3 2 3 3 3 3 1 2 2 2 2 2 2 1 2 2 2 2 2 3 2 2 2 2 2 2 1 2
 [514] 2 1 2 2 1 2 1 2 3 2 1 2 3 2 3 2 1 2 2 3 2 3 1 1 2 1 2 3 2 1 3 2 2 3 2 2 1 3 2 2 3 2 2 2 3 1 1 1 2 3 2 3 3 2 2 3 2
 [571] 2 3 2 3 3 2 2 2 1 3 2 2 2 1 2 1 3 2 2 2 2 1 1 3 2 2 3 2 1 2 2 1 2 2 2 2 2 2 3 2 1 2 2 3 2 1 3 2 2 2 3 2 2 2 3 2 1
 [628] 3 3 1 2 2 2 1 3 1 1 2 3 1 3 1 3 2 3 1 2 1 1 2 2 1 2 1 2 3 1 1 2 2 2 3 1 2 2 3 1 3 3 1 1 2 3 2 2 1 1 2 3 1 2 1 1 1
 [685] 2 1 1 1 1 1 1 1 3 1 1 2 2 2 3 1 1 2 3 3 1 2 2 1 1 3 1 1 2 3 1 1 2 2 2 1 3 2 1 2 1 2 2 2 2 2 1 3 1 2 2 2 2 2 1 3 1
 [742] 1 3 1 2 2 3 3 2 1 2 1 1 1 1 1 3 1 1 1 1 1 1 1 2 2 2 3 3 2 3 1 1 1 2 1 1 1 1 2 3 2 1 3 2 2 2 3 1 2 2 1 1 3 2 2 2 2
 [799] 1 1 2 1 3 1 2 2 2 2 3 2 1 2 3 3 1 1 3 2 1 3 2 1 3 2 2 2 1 3 3 2 2 3 2 1 2 2 1 1 1 1 2 2 1 1 3 3 1 1 2 3 1 2 1 3 2
 [856] 3 1 3 3 2 1 2 2 1 2 3 2 3 1 1 1 1 3 2 3 1 2 3 2 2 2 2 2 3 2 3 3 2 3 2 1 3 1 2 3 2 2 1 2 3 1 3 2 2 3 3 3 2 2 2 2 2
 [913] 3 1 3 1 2 3 2 3 1 2 1 1 3 1 3 3 3 2 1 2 2 1 3 1 1 2 1 3 3 1 1 3 1 1 2 1 3 2 2 1 2 1 2 1 2 3 1 2 1 3 1 2 1 1 1 2 2
 [970] 2 2 1 2 3 2 3 1 2 2 2 3 2 2 1 1 2 1 3 2 2 1 3 2 2 1 2 2 3 2 2
 [ reached getOption("max.print") -- omitted 1000 entries ]