K-means clustering with 3 clusters of sizes 688, 847, 465

Cluster means:
  absence_days weekly_self_study_hours math_score history_score physics_score chemistry_score biology_score
1   -0.2238130              0.69431994  0.3435669   0.373822698     0.4357744      0.33811569     0.5369134
2   -0.3545941              0.01830793  0.2926534  -0.004375833    -0.1388784     -0.07777645    -0.3005783
3    0.9770421             -1.06064286 -1.0414010  -0.545126206    -0.3917909     -0.35859558    -0.2468958
  english_score geography_score
1   0.338513993      0.77373004
2  -0.002949118     -0.65699976
3  -0.495483277      0.05194092

Clustering vector:
   [1] 1 1 1 3 3 2 2 1 2 2 2 2 3 3 1 3 2 1 1 1 2 3 3 3 1 1 1 1 2 2 2 2 2 2 2 2 1 1 2 2 1 3 2 2 3 3 1 2 1 2 1 2 3 2 2 1 2
  [58] 1 1 1 2 1 2 2 2 3 2 3 2 1 2 1 3 3 2 1 2 2 2 1 2 2 3 1 2 2 2 2 1 2 2 3 1 1 3 1 3 1 1 1 2 2 1 3 3 2 1 1 2 3 2 3 3 2
 [115] 3 2 3 2 2 3 1 1 1 1 3 2 2 2 1 2 1 2 2 3 2 3 2 2 1 1 2 3 1 2 2 1 3 2 1 3 2 3 1 2 1 2 1 3 3 2 2 2 1 1 1 2 3 2 2 1 2
 [172] 2 2 1 3 1 1 2 1 2 3 2 1 3 1 3 2 2 1 1 2 2 2 2 1 2 2 2 1 2 1 1 2 2 1 2 1 2 2 2 1 2 3 2 1 2 1 1 2 2 2 2 1 3 3 3 3 1
 [229] 2 3 1 1 1 2 1 3 2 2 1 2 1 3 1 2 2 2 1 1 2 1 1 1 2 2 1 1 3 3 3 2 1 3 2 1 2 2 2 2 1 2 3 3 1 3 2 2 3 1 2 1 1 1 1 2 1
 [286] 2 1 2 3 2 2 2 2 1 3 2 2 2 2 2 2 1 1 2 3 2 2 1 2 1 3 1 1 1 1 2 1 1 3 1 1 1 2 2 2 1 2 2 2 1 2 2 1 2 3 3 2 2 3 3 2 2
 [343] 1 2 1 3 2 2 1 1 2 2 1 2 1 3 2 2 1 1 1 1 1 2 2 3 3 2 3 3 2 3 3 3 3 1 2 3 1 1 2 2 2 3 3 1 1 1 3 1 1 2 1 3 3 2 3 1 2
 [400] 2 2 2 2 2 2 2 2 2 2 1 1 2 1 2 3 1 2 3 1 1 2 2 2 2 1 1 2 2 2 1 3 2 3 3 1 1 2 2 1 1 2 1 3 2 2 3 3 2 1 1 2 1 1 1 1 2
 [457] 3 2 1 1 2 2 1 1 2 2 1 1 2 2 2 1 3 1 2 1 3 3 3 2 3 2 2 3 2 3 1 3 3 3 3 3 2 1 1 2 2 2 2 1 1 2 1 2 3 1 1 2 1 2 2 3 1
 [514] 2 1 1 1 2 1 2 3 3 1 2 1 3 1 3 1 1 1 2 3 2 3 2 2 1 1 2 3 1 1 3 1 2 3 3 1 2 3 1 1 2 2 1 1 3 3 2 2 2 3 2 3 3 1 2 3 2
 [571] 1 3 1 3 3 2 2 1 2 3 1 1 2 2 1 1 3 1 1 1 2 3 1 3 1 2 3 2 2 1 1 2 1 3 2 1 1 2 3 1 2 2 2 3 2 1 3 1 1 1 3 1 2 1 2 1 3
 [628] 2 3 3 2 1 3 1 3 2 3 1 3 2 3 1 2 2 3 2 2 1 3 1 2 2 1 2 1 2 1 2 2 2 1 3 1 1 1 2 2 3 3 3 3 1 3 1 2 2 1 1 2 2 2 2 2 1
 [685] 1 2 1 1 2 2 1 1 3 2 2 1 1 2 3 2 1 1 3 2 2 1 1 3 2 3 2 2 1 3 1 2 1 2 1 2 3 1 2 1 2 2 1 1 1 1 1 3 2 2 1 1 1 1 2 3 2
 [742] 2 3 2 1 1 3 3 1 2 2 1 1 1 3 1 3 1 2 2 1 1 2 2 1 2 1 3 3 2 3 2 2 2 2 3 2 1 2 1 3 2 2 3 1 1 1 3 3 1 1 2 2 3 1 1 1 1
 [799] 1 3 1 2 3 1 2 2 2 2 3 1 1 2 2 3 3 1 2 2 1 3 2 2 3 1 2 2 2 3 1 1 2 3 3 2 1 2 1 3 3 2 1 1 2 2 2 3 2 2 1 3 2 2 1 3 2
 [856] 3 2 3 3 1 2 2 2 2 1 3 2 3 2 2 2 2 3 2 3 2 2 3 1 1 2 3 1 3 1 1 3 2 3 2 1 3 2 2 3 1 2 3 2 3 1 3 2 1 3 3 3 1 2 1 1 1
 [913] 3 2 3 1 1 3 2 1 2 1 2 2 3 3 3 3 3 2 1 1 2 2 2 2 2 1 1 2 3 3 1 3 1 3 2 2 3 2 1 2 1 1 1 1 2 3 2 2 2 3 2 1 2 2 1 1 2
 [970] 1 2 2 2 3 2 2 1 1 2 1 3 2 2 1 2 1 1 3 2 1 3 3 2 1 2 1 2 3 2 3
 [ reached getOption("max.print") -- omitted 1000 entries ]

Within cluster sum of squares by cluster:
[1] 3955.466 5697.798 4368.540
 (between_SS / total_SS =  22.1 %)

Available components:

[1] "cluster"      "centers"      "totss"        "withinss"     "tot.withinss" "betweenss"    "size"        
[8] "iter"         "ifault"      

kmeans_result$cluster
   [1] 1 1 1 3 3 2 2 1 2 2 2 2 3 3 1 3 2 1 1 1 2 3 3 3 1 1 1 1 2 2 2 2 2 2 2 2 1 1 2 2 1 3 2 2 3 3 1 2 1 2 1 2 3 2 2 1 2
  [58] 1 1 1 2 1 2 2 2 3 2 3 2 1 2 1 3 3 2 1 2 2 2 1 2 2 3 1 2 2 2 2 1 2 2 3 1 1 3 1 3 1 1 1 2 2 1 3 3 2 1 1 2 3 2 3 3 2
 [115] 3 2 3 2 2 3 1 1 1 1 3 2 2 2 1 2 1 2 2 3 2 3 2 2 1 1 2 3 1 2 2 1 3 2 1 3 2 3 1 2 1 2 1 3 3 2 2 2 1 1 1 2 3 2 2 1 2
 [172] 2 2 1 3 1 1 2 1 2 3 2 1 3 1 3 2 2 1 1 2 2 2 2 1 2 2 2 1 2 1 1 2 2 1 2 1 2 2 2 1 2 3 2 1 2 1 1 2 2 2 2 1 3 3 3 3 1
 [229] 2 3 1 1 1 2 1 3 2 2 1 2 1 3 1 2 2 2 1 1 2 1 1 1 2 2 1 1 3 3 3 2 1 3 2 1 2 2 2 2 1 2 3 3 1 3 2 2 3 1 2 1 1 1 1 2 1
 [286] 2 1 2 3 2 2 2 2 1 3 2 2 2 2 2 2 1 1 2 3 2 2 1 2 1 3 1 1 1 1 2 1 1 3 1 1 1 2 2 2 1 2 2 2 1 2 2 1 2 3 3 2 2 3 3 2 2
 [343] 1 2 1 3 2 2 1 1 2 2 1 2 1 3 2 2 1 1 1 1 1 2 2 3 3 2 3 3 2 3 3 3 3 1 2 3 1 1 2 2 2 3 3 1 1 1 3 1 1 2 1 3 3 2 3 1 2
 [400] 2 2 2 2 2 2 2 2 2 2 1 1 2 1 2 3 1 2 3 1 1 2 2 2 2 1 1 2 2 2 1 3 2 3 3 1 1 2 2 1 1 2 1 3 2 2 3 3 2 1 1 2 1 1 1 1 2
 [457] 3 2 1 1 2 2 1 1 2 2 1 1 2 2 2 1 3 1 2 1 3 3 3 2 3 2 2 3 2 3 1 3 3 3 3 3 2 1 1 2 2 2 2 1 1 2 1 2 3 1 1 2 1 2 2 3 1
 [514] 2 1 1 1 2 1 2 3 3 1 2 1 3 1 3 1 1 1 2 3 2 3 2 2 1 1 2 3 1 1 3 1 2 3 3 1 2 3 1 1 2 2 1 1 3 3 2 2 2 3 2 3 3 1 2 3 2
 [571] 1 3 1 3 3 2 2 1 2 3 1 1 2 2 1 1 3 1 1 1 2 3 1 3 1 2 3 2 2 1 1 2 1 3 2 1 1 2 3 1 2 2 2 3 2 1 3 1 1 1 3 1 2 1 2 1 3
 [628] 2 3 3 2 1 3 1 3 2 3 1 3 2 3 1 2 2 3 2 2 1 3 1 2 2 1 2 1 2 1 2 2 2 1 3 1 1 1 2 2 3 3 3 3 1 3 1 2 2 1 1 2 2 2 2 2 1
 [685] 1 2 1 1 2 2 1 1 3 2 2 1 1 2 3 2 1 1 3 2 2 1 1 3 2 3 2 2 1 3 1 2 1 2 1 2 3 1 2 1 2 2 1 1 1 1 1 3 2 2 1 1 1 1 2 3 2
 [742] 2 3 2 1 1 3 3 1 2 2 1 1 1 3 1 3 1 2 2 1 1 2 2 1 2 1 3 3 2 3 2 2 2 2 3 2 1 2 1 3 2 2 3 1 1 1 3 3 1 1 2 2 3 1 1 1 1
 [799] 1 3 1 2 3 1 2 2 2 2 3 1 1 2 2 3 3 1 2 2 1 3 2 2 3 1 2 2 2 3 1 1 2 3 3 2 1 2 1 3 3 2 1 1 2 2 2 3 2 2 1 3 2 2 1 3 2
 [856] 3 2 3 3 1 2 2 2 2 1 3 2 3 2 2 2 2 3 2 3 2 2 3 1 1 2 3 1 3 1 1 3 2 3 2 1 3 2 2 3 1 2 3 2 3 1 3 2 1 3 3 3 1 2 1 1 1
 [913] 3 2 3 1 1 3 2 1 2 1 2 2 3 3 3 3 3 2 1 1 2 2 2 2 2 1 1 2 3 3 1 3 1 3 2 2 3 2 1 2 1 1 1 1 2 3 2 2 2 3 2 1 2 2 1 1 2
 [970] 1 2 2 2 3 2 2 1 1 2 1 3 2 2 1 2 1 1 3 2 1 3 3 2 1 2 1 2 3 2 3
 [ reached getOption("max.print") -- omitted 1000 entries ]

kmeans_result$centers
  absence_days weekly_self_study_hours math_score history_score physics_score chemistry_score biology_score
1   -0.2238130              0.69431994  0.3435669   0.373822698     0.4357744      0.33811569     0.5369134
2   -0.3545941              0.01830793  0.2926534  -0.004375833    -0.1388784     -0.07777645    -0.3005783
3    0.9770421             -1.06064286 -1.0414010  -0.545126206    -0.3917909     -0.35859558    -0.2468958
  english_score geography_score
1   0.338513993      0.77373004
2  -0.002949118     -0.65699976
3  -0.495483277      0.05194092