print(clara_res$clustering)
   [1] 1 2 1 3 1 1 1 2 1 1 3 3 1 3 2 1 1 1 2 2 1 3 1 3 2 2 1 2 2 1 3 1 3 1 3 3 2 2 3 1 1 3 3 3 3 1 2 3 1 1 2 1 3 2 3 1 3
  [58] 1 1 2 3 1 1 1 1 1 1 3 1 1 3 3 3 3 2 1 1 3 1 2 3 3 3 1 1 3 1 3 2 1 1 2 1 1 3 2 3 3 2 2 3 2 2 3 3 1 2 1 2 1 3 1 3 1
 [115] 3 1 1 3 2 3 3 1 2 2 3 3 3 1 1 1 1 1 1 1 3 3 1 2 1 2 2 3 2 1 2 2 3 2 3 1 3 3 1 3 2 3 3 1 3 1 1 1 2 2 2 3 1 1 3 1 1
 [172] 1 1 2 3 3 2 3 2 3 3 3 3 3 2 3 3 3 3 2 3 1 3 3 2 1 1 3 2 1 2 2 1 1 2 2 1 1 2 3 2 1 3 3 2 3 2 2 3 1 1 1 1 3 1 1 3 1
 [229] 3 3 2 2 2 1 1 1 2 1 1 1 2 1 1 1 1 1 2 1 2 2 2 2 3 1 2 2 1 3 1 1 2 3 3 2 1 3 1 1 2 1 3 3 2 3 2 1 1 2 3 2 1 1 2 3 2
 [286] 1 1 1 3 1 3 2 1 1 3 3 1 2 3 1 3 1 2 3 1 1 3 2 3 1 1 2 1 3 2 1 2 2 3 2 1 1 1 1 3 2 2 3 3 1 1 1 2 3 3 3 3 2 1 3 1 3
 [343] 1 3 2 3 1 3 3 2 3 3 2 3 2 1 3 3 3 1 2 2 2 1 1 1 3 3 1 3 1 3 3 1 1 1 1 3 2 1 1 3 3 1 3 2 2 3 3 2 2 1 1 1 1 1 3 2 3
 [400] 1 3 3 1 1 1 1 1 1 1 1 1 1 2 1 3 2 1 3 2 2 3 2 1 1 1 2 1 3 2 2 1 1 3 1 1 1 3 3 2 2 3 2 3 1 1 3 3 1 2 2 1 1 1 2 2 1
 [457] 3 2 2 2 3 1 2 3 1 1 1 2 1 1 1 1 3 1 3 2 1 3 3 1 1 3 1 3 3 3 1 1 1 1 1 1 1 2 2 1 1 1 1 1 2 3 2 1 1 1 2 1 2 1 3 3 2
 [514] 1 2 2 2 1 1 3 3 1 1 3 2 1 3 3 2 2 2 2 3 3 3 1 1 2 2 1 3 2 2 1 2 2 1 3 2 3 1 1 3 1 3 2 2 1 2 1 1 1 1 2 1 1 2 2 3 3
 [571] 1 1 2 3 1 3 3 2 1 3 1 2 3 1 1 1 1 2 2 2 1 1 2 3 1 3 3 3 1 2 2 2 2 3 3 2 1 3 3 2 2 3 1 1 1 2 1 2 2 2 1 1 3 2 3 1 3
 [628] 1 3 3 1 3 3 2 1 1 3 1 1 1 3 2 1 1 2 1 1 2 3 1 1 1 1 1 2 1 2 1 1 1 1 1 2 1 1 1 1 3 3 3 1 2 3 2 1 1 2 2 1 3 1 1 1 1
 [685] 2 1 2 2 3 3 2 2 1 1 2 2 2 1 1 1 1 2 3 1 1 2 2 3 3 1 1 1 2 3 2 3 2 3 2 1 3 2 1 1 1 3 2 1 1 1 2 1 3 2 1 2 2 2 2 3 1
 [742] 2 3 3 2 2 3 1 1 1 3 3 2 2 3 2 3 2 3 1 1 2 1 1 1 1 1 3 3 2 3 3 1 1 1 1 1 2 1 2 1 1 1 3 2 1 1 1 1 2 2 2 1 1 1 2 2 2
 [799] 2 1 1 2 1 2 2 1 1 1 3 2 2 3 1 3 3 1 1 3 3 3 3 1 3 3 3 1 3 3 1 3 1 1 1 1 2 1 2 1 1 1 2 1 1 1 1 1 3 3 2 1 3 1 2 1 1
 [856] 3 1 3 3 3 1 1 3 1 2 1 1 3 1 1 1 1 3 1 1 1 1 1 2 1 1 3 2 3 2 1 3 1 3 1 2 1 2 3 1 2 3 3 1 1 1 3 1 2 3 3 1 1 1 2 1 1
 [913] 1 1 3 1 1 3 1 2 1 2 3 1 1 2 3 3 3 1 2 2 1 1 3 1 1 2 2 1 3 1 1 1 1 3 1 1 1 1 1 2 2 2 2 2 1 1 3 1 1 1 3 2 1 1 3 2 1
 [970] 2 2 1 1 3 1 1 2 2 1 2 3 1 1 2 1 2 2 1 3 2 2 1 1 2 1 2 1 3 1 3
 [ reached getOption("max.print") -- omitted 1000 entries ]


fviz_silhouette(clara_res)
  cluster size ave.sil.width
1       1   20          0.01
2       2   14          0.22
3       3   12          0.12