 print(cluster_assignments)
   [1] 1 2 3 1 3 3 3 3 3 3 1 3 3 1 2 3 2 3 2 3 2 1 3 1 2 2 2 1 1 3 2 1 3 3 3 1 2 2 1 2 2 1 2 3 1 3 1 3 3 2 1 2 1 2 3 3 2
  [58] 3 2 2 2 2 2 2 3 2 3 1 3 2 2 1 1 1 2 2 2 2 3 3 3 3 1 2 1 3 3 3 2 2 3 1 2 3 2 3 3 3 2 2 3 2 1 3 1 2 2 3 2 1 1 3 1 3
 [115] 1 2 2 1 3 1 1 2 2 2 1 2 3 3 3 3 2 2 3 2 2 1 2 2 2 2 3 1 1 3 3 2 1 2 1 3 3 1 2 3 2 2 1 3 1 3 3 3 2 2 3 3 2 2 2 2 2
 [172] 3 2 2 1 1 2 2 2 3 1 1 1 1 3 1 1 3 1 2 2 3 3 3 3 2 2 1 3 2 3 3 3 3 2 2 3 3 2 1 2 3 1 3 2 2 3 2 1 2 3 2 2 1 3 1 1 2
 [229] 2 1 2 2 2 2 3 3 2 3 3 2 2 3 1 2 3 3 3 2 3 2 2 1 3 1 2 2 3 1 1 2 2 1 3 2 2 2 2 3 2 2 1 1 3 1 2 3 2 1 1 2 3 3 2 2 2
 [286] 3 2 2 1 2 1 2 2 2 1 1 3 2 3 2 3 2 3 1 3 1 1 2 3 3 1 2 3 3 2 3 1 3 3 2 2 2 3 3 2 1 2 2 1 3 2 2 3 1 1 1 2 2 3 1 1 3
 [343] 2 3 2 1 2 1 1 3 2 3 2 2 3 3 1 1 3 3 3 2 2 2 2 2 1 1 1 3 3 3 3 1 1 2 3 3 2 3 2 1 3 2 1 2 2 3 3 2 2 3 1 3 3 2 1 3 3
 [400] 2 3 2 2 3 2 1 1 2 2 2 2 2 2 3 1 2 3 1 2 2 1 2 2 3 3 2 2 1 2 2 3 2 1 1 2 2 3 3 3 2 2 2 1 2 2 1 1 3 2 2 2 3 3 1 2 3
 [457] 1 2 3 1 2 3 2 3 2 2 3 2 2 2 2 3 1 2 2 2 3 1 1 2 3 3 2 3 3 1 3 1 3 2 3 2 3 2 2 2 1 1 2 3 3 3 2 2 3 3 2 3 2 3 1 1 2
 [514] 2 3 2 2 3 3 2 1 2 3 3 3 3 1 1 2 2 2 2 1 1 1 3 2 2 3 2 1 2 3 3 2 2 3 1 2 3 2 2 1 2 2 2 2 1 3 3 3 2 3 2 2 2 2 2 1 3
 [571] 2 1 1 1 1 1 2 2 3 1 2 2 1 3 2 3 2 2 2 2 2 2 2 1 1 3 1 1 2 2 2 2 2 1 3 2 2 2 1 2 2 2 2 1 2 3 1 2 2 2 3 2 3 2 2 2 1
 [628] 3 1 1 2 2 1 2 1 3 1 2 3 3 1 3 1 1 2 3 2 2 1 2 2 2 2 3 2 2 3 2 2 3 2 2 3 2 2 2 2 1 1 1 1 1 1 2 3 3 2 2 2 2 3 3 3 2
 [685] 2 2 2 3 3 1 2 2 1 2 3 2 2 2 3 2 2 1 1 2 3 2 3 3 3 2 3 3 2 1 2 1 3 1 2 2 3 2 2 1 2 1 2 1 2 1 2 1 3 2 2 2 3 2 3 1 3
 [742] 2 1 2 2 1 1 2 2 2 3 3 3 2 1 2 1 2 1 2 3 3 2 3 3 2 2 1 1 2 1 1 3 3 2 1 1 3 3 2 1 2 3 1 2 3 1 1 3 2 2 1 3 1 2 2 2 2
 [799] 2 3 1 2 3 2 2 3 2 3 1 2 3 2 2 1 1 3 2 3 1 1 3 2 1 1 2 2 1 1 1 2 2 2 2 3 3 3 2 3 3 2 2 1 2 3 2 1 2 3 2 3 3 2 2 1 2
 [856] 1 2 1 1 3 3 3 2 3 2 2 2 1 3 2 3 1 1 3 3 3 2 1 2 3 2 1 2 1 2 2 1 3 1 2 2 3 3 2 3 2 2 1 3 1 3 1 2 1 1 1 3 2 2 2 3 1
 [913] 2 3 1 2 3 1 3 1 3 2 3 3 3 1 3 1 1 3 3 2 3 3 1 3 3 2 2 2 1 1 2 1 2 1 2 2 1 2 3 2 2 2 2 3 2 2 3 2 2 2 3 2 2 2 1 2 2
 [970] 2 3 3 2 3 2 2 3 2 3 2 1 2 3 2 3 2 2 3 2 3 1 3 2 2 3 2 3 1 3 1
 [ reached getOption("max.print") -- omitted 1000 entries ]